SECTION grenade
VERTICES 18
0.0  1.0  0.0
-0.7  0.7  0.7
-0.7  0.7 -0.7
0.7  0.7 -0.7
0.7  0.7  0.7
-0.7 -0.7  0.7
-0.7 -0.7 -0.7
0.7 -0.7 -0.7
0.7 -0.7  0.7
0.0 -1.0  0.0
0.0  1.2  0.0
-0.1  1.2  0.1
0.1  1.2  0.1
0.1  1.2 -0.1
-0.1  1.2 -0.1
0.0  1.1  0.2
0.0  0.8  0.3
0.0  0.8  0.4

TEXCOORDS 18
0.5 1.0
0.0 0.8
0.0 0.2
0.5 0.0
1.0 0.2
0.0 0.8
0.0 0.2
1.0 0.2
1.0 0.8
0.5 0.5
0.5 1.1
0.4 1.0
0.6 1.0
0.6 0.9
0.4 0.9
0.5 0.9
0.45 0.8
0.55 0.8

NORMALS 18
0 1 0
-0.7 0.7 0.7
-0.7 0.7 -0.7
0.7 0.7 -0.7
0.7 0.7 0.7
-0.7 -0.7 0.7
-0.7 -0.7 -0.7
0.7 -0.7 -0.7
0.7 -0.7 0.7
0 -1 0
0 1 0
0 1 0
0 1 0
0 1 0
0 1 0
0 0 1
0 0 1
0 0 1

INDICES 24
0 1 2
0 2 3
0 3 4
0 4 1
5 6 9
6 7 9
7 8 9
8 5 9
1 2 6
6 5 1
2 3 7
7 6 2
3 4 8
8 7 3
4 1 5
5 8 4
10 11 12
10 12 13
10 13 14
15 16 17
