SECTION sphere
VERTICES 117
0.0000 1.0000 0.0000
0.0000 1.0000 0.0000
0.0000 1.0000 0.0000
0.0000 1.0000 0.0000
-0.0000 1.0000 0.0000
-0.0000 1.0000 0.0000
-0.0000 1.0000 0.0000
-0.0000 1.0000 -0.0000
-0.0000 1.0000 -0.0000
-0.0000 1.0000 -0.0000
0.0000 1.0000 -0.0000
0.0000 1.0000 -0.0000
0.0000 1.0000 -0.0000
0.3827 0.9239 0.0000
0.3314 0.9239 0.1913
0.1913 0.9239 0.3314
0.0000 0.9239 0.3827
-0.1913 0.9239 0.3314
-0.3314 0.9239 0.1913
-0.3827 0.9239 0.0000
-0.3314 0.9239 -0.1913
-0.1913 0.9239 -0.3314
-0.0000 0.9239 -0.3827
0.1913 0.9239 -0.3314
0.3314 0.9239 -0.1913
0.3827 0.9239 -0.0000
0.7071 0.7071 0.0000
0.6124 0.7071 0.3536
0.3536 0.7071 0.6124
0.0000 0.7071 0.7071
-0.3536 0.7071 0.6124
-0.6124 0.7071 0.3536
-0.7071 0.7071 0.0000
-0.6124 0.7071 -0.3536
-0.3536 0.7071 -0.6124
-0.0000 0.7071 -0.7071
0.3536 0.7071 -0.6124
0.6124 0.7071 -0.3536
0.7071 0.7071 -0.0000
0.9239 0.3827 0.0000
0.8001 0.3827 0.4619
0.4619 0.3827 0.8001
0.0000 0.3827 0.9239
-0.4619 0.3827 0.8001
-0.8001 0.3827 0.4619
-0.9239 0.3827 0.0000
-0.8001 0.3827 -0.4619
-0.4619 0.3827 -0.8001
-0.0000 0.3827 -0.9239
0.4619 0.3827 -0.8001
0.8001 0.3827 -0.4619
0.9239 0.3827 -0.0000
1.0000 0.0000 0.0000
0.8660 0.0000 0.5000
0.5000 0.0000 0.8660
0.0000 0.0000 1.0000
-0.5000 0.0000 0.8660
-0.8660 0.0000 0.5000
-1.0000 0.0000 0.0000
-0.8660 0.0000 -0.5000
-0.5000 0.0000 -0.8660
-0.0000 0.0000 -1.0000
0.5000 0.0000 -0.8660
0.8660 0.0000 -0.5000
1.0000 0.0000 -0.0000
0.9239 -0.3827 0.0000
0.8001 -0.3827 0.4619
0.4619 -0.3827 0.8001
0.0000 -0.3827 0.9239
-0.4619 -0.3827 0.8001
-0.8001 -0.3827 0.4619
-0.9239 -0.3827 0.0000
-0.8001 -0.3827 -0.4619
-0.4619 -0.3827 -0.8001
-0.0000 -0.3827 -0.9239
0.4619 -0.3827 -0.8001
0.8001 -0.3827 -0.4619
0.9239 -0.3827 -0.0000
0.7071 -0.7071 0.0000
0.6124 -0.7071 0.3536
0.3536 -0.7071 0.6124
0.0000 -0.7071 0.7071
-0.3536 -0.7071 0.6124
-0.6124 -0.7071 0.3536
-0.7071 -0.7071 0.0000
-0.6124 -0.7071 -0.3536
-0.3536 -0.7071 -0.6124
-0.0000 -0.7071 -0.7071
0.3536 -0.7071 -0.6124
0.6124 -0.7071 -0.3536
0.7071 -0.7071 -0.0000
0.3827 -0.9239 0.0000
0.3314 -0.9239 0.1913
0.1913 -0.9239 0.3314
0.0000 -0.9239 0.3827
-0.1913 -0.9239 0.3314
-0.3314 -0.9239 0.1913
-0.3827 -0.9239 0.0000
-0.3314 -0.9239 -0.1913
-0.1913 -0.9239 -0.3314
-0.0000 -0.9239 -0.3827
0.1913 -0.9239 -0.3314
0.3314 -0.9239 -0.1913
0.3827 -0.9239 -0.0000
0.0000 -1.0000 0.0000
0.0000 -1.0000 0.0000
0.0000 -1.0000 0.0000
0.0000 -1.0000 0.0000
-0.0000 -1.0000 0.0000
-0.0000 -1.0000 0.0000
-0.0000 -1.0000 0.0000
-0.0000 -1.0000 -0.0000
-0.0000 -1.0000 -0.0000
-0.0000 -1.0000 -0.0000
0.0000 -1.0000 -0.0000
0.0000 -1.0000 -0.0000
0.0000 -1.0000 -0.0000
TEXCOORDS 117
0.0000 1.0000
0.0833 1.0000
0.1667 1.0000
0.2500 1.0000
0.3333 1.0000
0.4167 1.0000
0.5000 1.0000
0.5833 1.0000
0.6667 1.0000
0.7500 1.0000
0.8333 1.0000
0.9167 1.0000
1.0000 1.0000
0.0000 0.8750
0.0833 0.8750
0.1667 0.8750
0.2500 0.8750
0.3333 0.8750
0.4167 0.8750
0.5000 0.8750
0.5833 0.8750
0.6667 0.8750
0.7500 0.8750
0.8333 0.8750
0.9167 0.8750
1.0000 0.8750
0.0000 0.7500
0.0833 0.7500
0.1667 0.7500
0.2500 0.7500
0.3333 0.7500
0.4167 0.7500
0.5000 0.7500
0.5833 0.7500
0.6667 0.7500
0.7500 0.7500
0.8333 0.7500
0.9167 0.7500
1.0000 0.7500
0.0000 0.6250
0.0833 0.6250
0.1667 0.6250
0.2500 0.6250
0.3333 0.6250
0.4167 0.6250
0.5000 0.6250
0.5833 0.6250
0.6667 0.6250
0.7500 0.6250
0.8333 0.6250
0.9167 0.6250
1.0000 0.6250
0.0000 0.5000
0.0833 0.5000
0.1667 0.5000
0.2500 0.5000
0.3333 0.5000
0.4167 0.5000
0.5000 0.5000
0.5833 0.5000
0.6667 0.5000
0.7500 0.5000
0.8333 0.5000
0.9167 0.5000
1.0000 0.5000
0.0000 0.3750
0.0833 0.3750
0.1667 0.3750
0.2500 0.3750
0.3333 0.3750
0.4167 0.3750
0.5000 0.3750
0.5833 0.3750
0.6667 0.3750
0.7500 0.3750
0.8333 0.3750
0.9167 0.3750
1.0000 0.3750
0.0000 0.2500
0.0833 0.2500
0.1667 0.2500
0.2500 0.2500
0.3333 0.2500
0.4167 0.2500
0.5000 0.2500
0.5833 0.2500
0.6667 0.2500
0.7500 0.2500
0.8333 0.2500
0.9167 0.2500
1.0000 0.2500
0.0000 0.1250
0.0833 0.1250
0.1667 0.1250
0.2500 0.1250
0.3333 0.1250
0.4167 0.1250
0.5000 0.1250
0.5833 0.1250
0.6667 0.1250
0.7500 0.1250
0.8333 0.1250
0.9167 0.1250
1.0000 0.1250
0.0000 0.0000
0.0833 0.0000
0.1667 0.0000
0.2500 0.0000
0.3333 0.0000
0.4167 0.0000
0.5000 0.0000
0.5833 0.0000
0.6667 0.0000
0.7500 0.0000
0.8333 0.0000
0.9167 0.0000
1.0000 0.0000
NORMALS 117
0.0000 1.0000 0.0000
0.0000 1.0000 0.0000
0.0000 1.0000 0.0000
0.0000 1.0000 0.0000
-0.0000 1.0000 0.0000
-0.0000 1.0000 0.0000
-0.0000 1.0000 0.0000
-0.0000 1.0000 -0.0000
-0.0000 1.0000 -0.0000
-0.0000 1.0000 -0.0000
0.0000 1.0000 -0.0000
0.0000 1.0000 -0.0000
0.0000 1.0000 -0.0000
0.3827 0.9239 0.0000
0.3314 0.9239 0.1913
0.1913 0.9239 0.3314
0.0000 0.9239 0.3827
-0.1913 0.9239 0.3314
-0.3314 0.9239 0.1913
-0.3827 0.9239 0.0000
-0.3314 0.9239 -0.1913
-0.1913 0.9239 -0.3314
-0.0000 0.9239 -0.3827
0.1913 0.9239 -0.3314
0.3314 0.9239 -0.1913
0.3827 0.9239 -0.0000
0.7071 0.7071 0.0000
0.6124 0.7071 0.3536
0.3536 0.7071 0.6124
0.0000 0.7071 0.7071
-0.3536 0.7071 0.6124
-0.6124 0.7071 0.3536
-0.7071 0.7071 0.0000
-0.6124 0.7071 -0.3536
-0.3536 0.7071 -0.6124
-0.0000 0.7071 -0.7071
0.3536 0.7071 -0.6124
0.6124 0.7071 -0.3536
0.7071 0.7071 -0.0000
0.9239 0.3827 0.0000
0.8001 0.3827 0.4619
0.4619 0.3827 0.8001
0.0000 0.3827 0.9239
-0.4619 0.3827 0.8001
-0.8001 0.3827 0.4619
-0.9239 0.3827 0.0000
-0.8001 0.3827 -0.4619
-0.4619 0.3827 -0.8001
-0.0000 0.3827 -0.9239
0.4619 0.3827 -0.8001
0.8001 0.3827 -0.4619
0.9239 0.3827 -0.0000
1.0000 0.0000 0.0000
0.8660 0.0000 0.5000
0.5000 0.0000 0.8660
0.0000 0.0000 1.0000
-0.5000 0.0000 0.8660
-0.8660 0.0000 0.5000
-1.0000 0.0000 0.0000
-0.8660 0.0000 -0.5000
-0.5000 0.0000 -0.8660
-0.0000 0.0000 -1.0000
0.5000 0.0000 -0.8660
0.8660 0.0000 -0.5000
1.0000 0.0000 -0.0000
0.9239 -0.3827 0.0000
0.8001 -0.3827 0.4619
0.4619 -0.3827 0.8001
0.0000 -0.3827 0.9239
-0.4619 -0.3827 0.8001
-0.8001 -0.3827 0.4619
-0.9239 -0.3827 0.0000
-0.8001 -0.3827 -0.4619
-0.4619 -0.3827 -0.8001
-0.0000 -0.3827 -0.9239
0.4619 -0.3827 -0.8001
0.8001 -0.3827 -0.4619
0.9239 -0.3827 -0.0000
0.7071 -0.7071 0.0000
0.6124 -0.7071 0.3536
0.3536 -0.7071 0.6124
0.0000 -0.7071 0.7071
-0.3536 -0.7071 0.6124
-0.6124 -0.7071 0.3536
-0.7071 -0.7071 0.0000
-0.6124 -0.7071 -0.3536
-0.3536 -0.7071 -0.6124
-0.0000 -0.7071 -0.7071
0.3536 -0.7071 -0.6124
0.6124 -0.7071 -0.3536
0.7071 -0.7071 -0.0000
0.3827 -0.9239 0.0000
0.3314 -0.9239 0.1913
0.1913 -0.9239 0.3314
0.0000 -0.9239 0.3827
-0.1913 -0.9239 0.3314
-0.3314 -0.9239 0.1913
-0.3827 -0.9239 0.0000
-0.3314 -0.9239 -0.1913
-0.1913 -0.9239 -0.3314
-0.0000 -0.9239 -0.3827
0.1913 -0.9239 -0.3314
0.3314 -0.9239 -0.1913
0.3827 -0.9239 -0.0000
0.0000 -1.0000 0.0000
0.0000 -1.0000 0.0000
0.0000 -1.0000 0.0000
0.0000 -1.0000 0.0000
-0.0000 -1.0000 0.0000
-0.0000 -1.0000 0.0000
-0.0000 -1.0000 0.0000
-0.0000 -1.0000 -0.0000
-0.0000 -1.0000 -0.0000
-0.0000 -1.0000 -0.0000
0.0000 -1.0000 -0.0000
0.0000 -1.0000 -0.0000
0.0000 -1.0000 -0.0000
INDICES 192
0 13 1
13 14 1
1 14 2
14 15 2
2 15 3
15 16 3
3 16 4
16 17 4
4 17 5
17 18 5
5 18 6
18 19 6
6 19 7
19 20 7
7 20 8
20 21 8
8 21 9
21 22 9
9 22 10
22 23 10
10 23 11
23 24 11
11 24 12
24 25 12
13 26 14
26 27 14
14 27 15
27 28 15
15 28 16
28 29 16
16 29 17
29 30 17
17 30 18
30 31 18
18 31 19
31 32 19
19 32 20
32 33 20
20 33 21
33 34 21
21 34 22
34 35 22
22 35 23
35 36 23
23 36 24
36 37 24
24 37 25
37 38 25
26 39 27
39 40 27
27 40 28
40 41 28
28 41 29
41 42 29
29 42 30
42 43 30
30 43 31
43 44 31
31 44 32
44 45 32
32 45 33
45 46 33
33 46 34
46 47 34
34 47 35
47 48 35
35 48 36
48 49 36
36 49 37
49 50 37
37 50 38
50 51 38
39 52 40
52 53 40
40 53 41
53 54 41
41 54 42
54 55 42
42 55 43
55 56 43
43 56 44
56 57 44
44 57 45
57 58 45
45 58 46
58 59 46
46 59 47
59 60 47
47 60 48
60 61 48
48 61 49
61 62 49
49 62 50
62 63 50
50 63 51
63 64 51
52 65 53
65 66 53
53 66 54
66 67 54
54 67 55
67 68 55
55 68 56
68 69 56
56 69 57
69 70 57
57 70 58
70 71 58
58 71 59
71 72 59
59 72 60
72 73 60
60 73 61
73 74 61
61 74 62
74 75 62
62 75 63
75 76 63
63 76 64
76 77 64
65 78 66
78 79 66
66 79 67
79 80 67
67 80 68
80 81 68
68 81 69
81 82 69
69 82 70
82 83 70
70 83 71
83 84 71
71 84 72
84 85 72
72 85 73
85 86 73
73 86 74
86 87 74
74 87 75
87 88 75
75 88 76
88 89 76
76 89 77
89 90 77
78 91 79
91 92 79
79 92 80
92 93 80
80 93 81
93 94 81
81 94 82
94 95 82
82 95 83
95 96 83
83 96 84
96 97 84
84 97 85
97 98 85
85 98 86
98 99 86
86 99 87
99 100 87
87 100 88
100 101 88
88 101 89
101 102 89
89 102 90
102 103 90
91 104 92
104 105 92
92 105 93
105 106 93
93 106 94
106 107 94
94 107 95
107 108 95
95 108 96
108 109 96
96 109 97
109 110 97
97 110 98
110 111 98
98 111 99
111 112 99
99 112 100
112 113 100
100 113 101
113 114 101
101 114 102
114 115 102
102 115 103
115 116 103
